1.87404 5.698181010422326
3.16103 5.098708591711461
3.96342 4.500412799751719
4.55721 3.899118043120504
5.00961 3.299974313949101
5.35598 2.6996762086628383
5.61963 2.099976352374231
5.80762 1.5002126992833056
5.92955 0.8996626176708407
5.99117 0.30065576015623885
5.99119 -0.29908946843341594
5.93084 -0.9005436085102592
5.80725 -1.4997290268847974
5.62065 -2.0982985892557986
5.35505 -2.699378844098571
5.00895 -3.298741836380208
4.55649 -3.898780187270957
3.96717 -4.499716371874616
3.15674 -5.098674211275564
1.86756 -5.698714880633467
