0.911157 2.851216513006049
1.56547 2.5512033068277544
1.97712 2.250966175412697
2.27293 1.9512892860171394
2.49953 1.6502122809824136
2.67603 1.3501498496278714
2.80441 1.0514047804853515
2.899 0.7503122411271517
2.96192 0.45025770992732905
2.9908 0.1500121437808346
2.99012 -0.14996952409877565
2.95921 -0.45049165463515983
2.90175 -0.7504667562236906
2.80858 -1.0507049323763293
2.67454 -1.3509688241460456
2.49979 -1.6498257940367813
2.2714 -1.9511894428872405
1.97827 -2.251528139127093
1.5724 -2.5519319161076224
0.909533 -2.8517249235057998
